5 0.8487012987012987 0.3370950127411722 0.18311688311688312 0.18201674554058975
5 0.8103896103896104 0.4918092464506735 0.0987012987012987 0.050236621769202766
5 0.7818181818181819 0.5728066982162359 0.08831168831168831 0.06224972697488169
4 0.4318181818181818 0.7724790680742628 0.7571428571428571 0.33054240990171097
0 0.29415584415584417 0.9095376774663269 0.07662337662337662 0.02875864579541318
3 0.43766233766233764 0.09847105933745905 0.6753246753246753 0.14160902803057882
5 0.08636363636363636 0.30997451765562434 0.05844155844155844 0.10156534401164907
5 0.08571428571428572 0.43902439024390244 0.06493506493506493 0.0407717510010921
5 0.08636363636363636 0.5540589734255551 0.05064935064935065 0.031306880232981435
1 0.38766233766233765 0.9470331270476884 0.11038961038961038 0.030942846741900256
